[ 8680.0850] gsGlobal->Width=640 Height=448 Mode=3 Interlace=1
[ 8680.0859] ScreenBuffer[0]=0x00000000 video_tex.Vram=0x00118000
[ 8680.0859] open name host:/DATA/PROJECT/Free-FairchildChannelF-Emu/BUILD/bios/bios.bin flag 1 data 41378
[ 8680.0859] open fd = 256
[ 8680.0859] open name host:/DATA/PROJECT/Free-FairchildChannelF-Emu/BUILD/roms/test.chf flag 1 data 41378
[ 8680.0859] open fd = 257
[ 8680.0869] BIOS bytes: 2048 | ROM bytes: 4096
[ 8680.0869] Starting emulation at PC: 0x0000, Opcode: 0x70
[ 8680.0869] PC: 0x0000, Opcode: 0x70
[ 8680.0869] PC: 0x0001, Opcode: 0x0B
[ 8680.0869] PC: 0x0002, Opcode: 0x70
[ 8680.0869] PC: 0x0003, Opcode: 0x5C
[ 8680.0869] PC: 0x0004, Opcode: 0x0A
[ 8680.0869] PC: 0x0005, Opcode: 0x1F
[ 8680.0869] PC: 0x0006, Opcode: 0x25
[ 8680.0869] PC: 0x0007, Opcode: 0x40
[ 8680.0869] PC: 0x0008, Opcode: 0x94
[ 8680.0869] PC: 0x0009, Opcode: 0xF8
[ 8680.0869] PC: 0x000A, Opcode: 0x67
[ 8680.0869] PC: 0x000B, Opcode: 0x6B
[ 8680.0869] PC: 0x000C, Opcode: 0x20
[ 8680.0869] PC: 0x000E, Opcode: 0x5C
[ 8680.0869] PC: 0x000F, Opcode: 0x2A
[ 8680.0869] PC: 0x0010, Opcode: 0x08
[ 8680.0869] PC: 0x0011, Opcode: 0x00
[ 8680.0869] PC: 0x0012, Opcode: 0x16
[ 8680.0869] PC: 0x0013, Opcode: 0x25
[ 8680.0869] PC: 0x0014, Opcode: 0x55
[ 8680.0869] PC: 0x0015, Opcode: 0x94
[ 8680.0869] PC: 0x0016, Opcode: 0x04
[ 8680.0879] PC: 0x0017, Opcode: 0x29
[ 8680.0879] PC: 0x0017, Opcode: 0x29
[ 8680.0879] 
[ 8680.0879] === ROM HEX DUMP ===
[ 8680.0879] 
[ 8680.0879] 0x0000: 70 0B 70 5C 0A 1F 25 40 94 F8 67 6B 20 28 5C 2A 
[ 8680.0879] 0x0010: 08 00 16 25 55 94 04 29 08 02 20 D6 53 28 00 D0 
[ 8680.0879] 0x0020: 20 4A 50 28 00 99 63 6C 74 5C 44 6F 5C 25 03 91 
[ 8680.0879] 0x0030: F0 28 01 35 28 02 24 28 00 88 28 02 DA 28 00 88 
[ 8680.0879] 0x0040: 28 02 E8 28 00 88 21 04 84 07 28 03 8C 28 03 99 
[ 8680.0879] 0x0050: 28 06 58 28 04 67 28 03 D3 63 6F 4C 25 02 94 04 
[ 8680.0879] 0x0060: 28 04 47 64 6F 4C 1F 5C 70 B0 A0 21 04 94 04 28 
[ 8680.0879] 0x0070: 02 24 63 6C 2A 00 83 4C 12 8E 16 55 28 00 8F 70 
[ 8680.0879] 0x0080: B5 90 B5 22 13 07 03 03 64 6E 4E 51 4C 50 1C 20 
[ 8680.0879] 0x0090: FF 56 36 94 FE 35 94 F8 1C 08 28 01 07 20 33 51 
[ 8680.0879] 0x00A0: 20 13 52 28 06 79 20 8B 50 28 06 79 28 00 C1 20 
[ 8680.0879] 0x00B0: 33 51 20 13 52 7D 50 28 06 79 28 06 79 28 01 1E 
[ 8680.0879] 0x00C0: 0C A0 18 21 0F 84 FB 54 20 FF 55 35 94 FE 90 C0 
[ 8680.0879] 0x00D0: 08 28 01 07 70 52 20 7E 51 43 22 10 50 28 06 79 
[ 8680.0879] 0x00E0: 75 51 7D 50 28 06 79 31 41 25 70 81 F6 42 24 05 
[ 8680.0879] 0x00F0: 52 63 6F 73 FC 84 08 42 25 30 81 DB 70 53 42 25 
[ 8680.0879] 0x0100: 40 81 D4 28 01 1E 0C 0A 57 67 6B 4C 0B 00 5C 0A 
[ 8680.0879] 0x0110: 1F 0B 01 5C 0A 1F 0B 0A 67 6B 5C 47 0B 1C 0A 57 
[ 8680.0879] 0x0120: 67 6B 4C 24 FF 0B 4C 05 0A 24 FF 0B 4C 04 0A 67 
[ 8680.0879] 0x0130: 6B 5C 47 0B 1C 08 28 01 07 63 6F 4C 64 6D 25 01 
[ 8680.0879] 0x0140: 84 0E 20 53 5D 7C 5E 20 D0 53 28 00 D0 90 2F 20 
[ 8680.0879] 0x0150: 17 5D 20 FF 5C 20 D6 53 28 00 D0 20 11 51 78 52 
[ 8680.0889] 0x0160: 28 01 F6 20 11 51 20 25 52 28 01 F6 20 5C 51 78 
[ 8680.0889] 0x0170: 52 28 01 F6 20 5C 51 20 25 52 28 01 F6 20 14 51 
[ 8680.0889] 0x0180: 76 52 28 02 0E 20 14 51 20 2E 52 28 02 0E 20 99 
[ 8680.0889] 0x0190: 62 6E 5D 5C 28 02 AC 28 02 B5 64 6A 72 5C 90 05 
[ 8680.0889] 0x01A0: 08 28 01 07 62 68 20 17 5C 6B 5C 20 1C 51 20 1A 
[ 8680.0889] 0x01B0: 52 20 B0 50 28 06 79 20 38 51 20 1B 52 20 55 50 
[ 8680.0889] 0x01C0: 28 06 79 20 52 51 20 1A 52 20 71 50 28 06 79 64 
[ 8680.0889] 0x01D0: 6D 4C 13 81 06 28 04 47 90 19 20 11 51 20 1A 52 
[ 8680.0889] 0x01E0: 20 B2 50 28 06 79 20 5E 51 20 1A 52 20 73 50 28 
[ 8680.0889] 0x01F0: 06 79 28 01 1E 0C 08 28 01 07 78 53 20 81 50 28 
[ 8680.0889] 0x0200: 06 79 41 24 FA 51 42 1F 52 33 94 F1 90 E5 08 28 
[ 8680.0889] 0x0210: 01 07 20 46 53 20 92 50 28 06 79 41 24 FB 51 33 
[ 8680.0889] 0x0220: 94 F4 90 CF 08 28 01 07 20 85 50 28 00 99 44 25 
[ 8680.0889] 0x0230: 08 94 05 28 01 1E 0C 25 02 94 0D 20 8E 50 28 00 
[ 8680.0889] 0x0240: 99 63 6C 44 5C 90 E2 25 01 94 DE 20 8C 50 28 00 
[ 8680.0889] 0x0250: 99 2A 02 6C 44 12 8E 16 67 69 5D 70 5C 66 6F 7F 
[ 8680.0889] 0x0260: 5C 28 02 71 64 6D 4C 22 20 5C 90 BD 02 05 10 10 
[ 8680.0889] 0x0270: 20 08 28 01 07 67 6A 4E 54 4C 53 14 22 80 50 20 
[ 8680.0889] 0x0280: 2A 51 20 33 52 28 06 79 43 21 0F 22 80 50 28 06 
[ 8680.0889] 0x0290: 79 20 91 50 28 06 79 44 14 22 80 50 28 06 79 44 
[ 8680.0889] 0x02A0: 21 0F 22 80 50 28 06 79 28 01 1E 0C 08 28 01 07 
[ 8680.0889] 0x02B0: 6E 20 17 90 08 08 28 01 07 6F 20 50 62 51 20 33 
[ 8680.0889] 0x02C0: 52 71 24 66 DC 5C 14 22 40 50 28 06 79 4C 21 0F 
[ 8680.0889] 0x02D0: 22 40 50 28 06 79 28 01 1E 0C 08 28 01 07 20 B0 
[ 8680.0889] 0x02E0: 54 62 69 70 B4 A4 90 0D 08 28 01 07 20 71 54 62 
[ 8680.0889] 0x02F0: 6C 70 B1 A1 18 F1 50 4D 51 4C 52 71 F0 84 05 41 
[ 8680.0889] 0x0300: 24 02 51 72 F0 84 05 41 24 FE 51 74 F0 84 05 42 
[ 8680.0898] 0x0310: 24 02 52 78 F0 84 05 42 24 FE 52 63 6F 4C 25 02 
[ 8680.0898] 0x0320: 91 36 94 17 71 F4 94 0B 41 25 2D 81 04 20 2D 51 
[ 8680.0898] 0x0330: 90 09 41 25 3D 91 04 20 3D 51 41 25 52 81 04 20 
[ 8680.0898] 0x0340: 52 51 25 1A 91 04 20 1A 51 42 25 2B 81 04 20 2B 
[ 8680.0898] 0x0350: 52 25 09 91 03 79 52 64 6F 4C 21 03 25 03 94 24 
[ 8680.0898] 0x0360: 62 68 71 F4 84 02 6B 20 10 F0 84 02 3C 20 20 F0 
[ 8680.0898] 0x0370: 84 04 4C 1F 5C 4C 25 16 94 03 20 1D 25 1E 94 03 
[ 8680.0898] 0x0380: 20 17 5C 44 50 28 06 79 28 01 1E 0C 08 28 01 07 
[ 8680.0898] 0x0390: 68 20 B2 53 70 B4 A4 90 0C 08 28 01 07 6A 20 73 
[ 8680.0898] 0x03A0: 53 70 B1 A1 18 50 63 4D 51 4C 52 40 21 80 84 05 
[ 8680.0898] 0x03B0: 42 24 02 52 40 21 40 84 03 32 32 42 25 14 91 04 
[ 8680.1045] 0x03C0: 20 14 52 25 20 81 04 20 20 52 43 50 28 06 79 28 
[ 8680.1045] 0x03D0: 01 1E 0C 08 28 01 07 64 68 4D 51 4D 52 4D 53 4D 
[ 8680.1045] 0x03E0: 54 4C 25 00 84 0D 70 5C 43 13 C3 C3 53 44 13 C4 
[ 8680.1045] 0x03F0: C4 54 41 C3 51 42 C4 52 64 6D 20 44 FC 84 3D 28 
[ 8680.1045] 0x0400: 04 9C 64 6A 41 50 25 5C 81 07 28 04 3F 20 5C 51 
[ 8680.1045] 0x0410: 41 50 25 14 91 07 28 04 3F 20 14 51 6B 42 50 25 
[ 8680.1055] 0x0420: 08 91 07 28 04 3F 20 09 52 42 50 25 2E 81 07 28 
[ 8680.1055] 0x0430: 04 3F 20 2E 52 20 55 50 28 06 79 28 01 1E 0C 4C 
[ 8680.1055] 0x0440: 18 1F 5C 20 40 B5 1C 08 28 01 07 20 36 51 7A 52 
[ 8680.1055] 0x0450: 75 54 20 81 50 28 06 79 41 24 FA 51 42 24 08 52 
[ 8680.1055] 0x0460: 34 94 F0 28 01 1E 0C 08 28 01 07 67 68 4C 22 00 
[ 8680.1055] 0x0470: 84 27 70 5C 6A 71 50 18 DC 24 66 D0 5C 25 99 94 
[ 8680.1055] 0x0480: 15 20 59 5E 71 50 18 DC 24 66 D0 25 99 94 06 28 
[ 8680.1055] 0x0490: 02 24 90 05 5C 28 02 71 28 01 1E 0C 08 28 01 07 
[ 8680.1055] 0x04A0: 64 6F 71 FC 84 13 62 6C 28 05 FC 30 84 3B 62 69 
[ 8680.1055] 0x04B0: 28 05 FC 30 84 30 90 11 62 69 28 05 FC 30 84 26 
[ 8680.1055] 0x04C0: 62 6C 28 05 FC 30 84 21 64 6D 4C 21 04 94 04 29 
[ 8680.1055] 0x04D0: 05 9D 63 68 28 05 FC 30 84 7C 63 6A 28 05 FC 30 
[ 8680.1055] 0x04E0: 84 78 29 05 88 68 90 02 6B 62 4D 54 4D 4C 57 64 
[ 8680.1055] 0x04F0: 6D 4C 13 44 81 21 2A 05 0E 77 54 37 37 44 C7 53 
[ 8680.1055] 0x0500: 42 18 1F C3 84 04 34 81 F5 44 8E 16 90 0B 04 04 
[ 8680.1055] 0x0510: 05 06 00 01 02 03 24 E9 2A 05 47 13 8E 16 55 16 
[ 8680.1055] 0x0520: 56 64 6A 4C 22 00 91 13 45 18 1F 55 6D 4C 13 6A 
[ 8680.1055] 0x0530: 91 05 46 18 1F 56 41 24 02 51 45 5D 46 5D 72 5C 
[ 8680.1055] 0x0540: 20 80 B5 28 01 1E 0C 02 00 02 01 02 02 01 02 01 
[ 8680.1055] 0x0550: FE 02 FE 02 FF 71 53 90 03 72 53 64 6A 4C 33 84 
[ 8680.1055] 0x0560: 07 22 00 81 07 90 08 22 00 81 04 18 1F 5C 20 80 
[ 8680.1055] 0x0570: B5 6B 4C 22 00 94 10 62 69 4C 21 01 84 04 72 90 
[ 8680.1055] 0x0580: 03 20 FE 64 6B 5C 90 6C 42 25 14 81 0E 25 24 91 
[ 8680.1055] 0x0590: 0A 41 25 14 81 14 25 5C 91 10 29 05 43 41 25 14 
[ 8680.1055] 0x05A0: 81 08 25 5C 91 04 29 05 43 64 6A 4D 13 91 05 24 
[ 8680.1064] 0x05B0: 02 90 03 24 FE C1 51 6B 4C C2 52 20 55 50 28 06 
[ 8680.1064] 0x05C0: 79 64 6B 70 5C 64 68 4C 25 30 91 06 28 02 B5 90 
[ 8680.1064] 0x05D0: 04 28 02 AC 20 FF 55 28 00 8F 63 6F 4C 25 02 94 
[ 8680.1064] 0x05E0: 10 62 6E 4D 25 15 84 06 4C 25 15 94 04 28 02 24 
[ 8680.1064] 0x05F0: 28 01 A0 28 01 1E 28 01 1E 29 00 37 08 28 01 07 
[ 8680.1064] 0x0600: 4C 18 1F C1 91 0B 4C 24 05 56 41 18 1F CC 81 17 
[ 8680.1064] 0x0610: 4C 18 1F 56 41 24 02 C6 91 36 41 24 02 18 1F 56 
[ 8680.1064] 0x0620: 4C 24 05 C6 91 2A 4D 4C 18 1F 56 42 C6 91 0B 42 
[ 8680.1064] 0x0630: 18 1F 56 4C 24 05 C6 81 1D 4C 18 1F 56 42 24 02 
[ 8680.1064] 0x0640: C6 91 0D 42 24 02 18 1F 56 4C 24 05 C6 81 07 70 
[ 8680.1064] 0x0650: 50 28 01 1E 0C 71 90 F9 2A 06 74 64 6D 4C 21 20 
[ 8680.1064] 0x0660: 84 12 66 6F 3C 94 0D 63 6C 4C 12 8E 16 66 6F 5D 
[ 8680.1064] 0x0670: 67 71 5C 1C 09 0D 15 1C 1C 2A 07 67 08 28 01 07 
[ 8680.1064] 0x0680: 0A 66 6C 5D 43 5D 44 5C 75 54 20 C0 F0 53 20 3F 
[ 8680.1064] 0x0690: F0 50 25 15 94 1F 64 68 72 54 28 06 EC 20 15 50 
[ 8680.1064] 0x06A0: 28 07 18 41 24 06 51 66 6D 4D 53 4C 54 6C 4C 0B 
[ 8680.1064] 0x06B0: 28 01 1E 0C 25 30 94 0B 62 69 28 06 EC 68 4D 50 
[ 8680.1064] 0x06C0: 90 DF 25 31 94 0B 62 6C 28 06 EC 6B 4D 50 90 D1 
[ 8680.1064] 0x06D0: 25 32 94 0B 63 68 28 06 EC 20 14 50 90 C3 25 33 
[ 8680.1064] 0x06E0: 94 BF 63 6A 28 06 EC 20 14 50 90 B5 08 28 01 07 
[ 8680.1064] 0x06F0: 4C E1 94 06 4D 4E E2 84 1C 41 55 42 56 4C 51 45 
[ 8680.1064] 0x0700: 5D 4C 52 46 5E 7D 50 2A 07 67 28 07 18 2A 07 67 
[ 8680.1064] 0x0710: 4D 51 4E 52 28 01 1E 0C 40 13 8E C0 8E 20 40 B0 
[ 8680.1064] 0x0720: 44 56 55 16 57 42 24 00 18 21 3F 58 A5 21 C0 C8 
[ 8680.1064] 0x0730: B5 41 24 FC 18 B4 47 22 00 43 91 02 70 18 B1 47 
[ 8680.1064] 0x0740: 13 57 20 60 B0 20 50 B0 41 1F 51 74 58 38 94 FE 
[ 8680.1064] 0x0750: 35 94 DF 42 1F 52 44 18 1F C1 51 44 36 94 C4 44 
[ 8680.1074] 0x0760: 18 1F C2 52 70 B0 1C F8 88 88 88 F8 20 20 20 20 
[ 8680.1074] 0x0770: 20 F8 08 F8 80 F8 F8 08 F8 08 F8 88 88 F8 08 08 
[ 8680.1074] 0x0780: F8 80 F8 08 F8 F8 80 F8 88 F8 F8 08 10 10 10 F8 
[ 8680.1074] 0x0790: 88 F8 88 F8 F8 88 F8 08 F8 F8 80 98 88 F8 F8 08 
[ 8680.1074] 0x07A0: 38 00 20 F8 20 20 20 20 00 00 00 00 00 F8 A8 A8 
[ 8680.1074] 0x07B0: A8 A8 88 50 20 50 88 FF FF FF FF FF 00 20 00 20 
[ 8680.1074] 0x07C0: 00 00 00 F8 00 00 50 50 50 50 50 A0 A0 A0 A0 A0 
[ 8680.1074] 0x07D0: C0 C0 00 00 00 08 08 08 08 08 20 20 20 20 20 10 
[ 8680.1074] 0x07E0: 10 20 40 40 08 10 20 40 80 00 18 20 C0 00 00 C0 
[ 8680.1074] 0x07F0: 20 18 00 80 40 20 10 08 40 40 20 10 10 00 00 00 
[ 8680.1074] 0x0800: 55 AA 29 09 E6 01 36 7F 00 00 00 81 3F 02 00 7D 
[ 8680.1074] 0x0810: 00 03 05 4C 36 0E 00 03 05 30 08 1C 00 82 05 25 
[ 8680.1074] 0x0820: 08 22 6F 01 05 4A 36 0E 00 83 09 02 36 7D 00 03 
[ 8680.1074] 0x0830: 09 02 36 7D 00 03 29 64 0D 00 00 F6 DE 59 2E E7 
[ 8680.1074] 0x0840: CE E5 9E B7 92 F3 9E F3 DE E4 92 F7 DE F7 9E 18 
[ 8680.1074] 0x0850: 3C 7E FF 10 71 F2 20 00 00 41 41 00 00 00 20 A2 
[ 8680.1074] 0x0860: 22 82 00 00 51 10 04 45 00 00 00 00 00 00 00 F7 
[ 8680.1074] 0x0870: 5E 1D D3 AC A2 50 88 89 7D D2 B7 74 4F 48 94 0A 
[ 8680.1074] 0x0880: 22 5B 75 E1 DD D2 80 00 F8 A0 05 4F 80 00 71 F1 
[ 8680.1074] 0x0890: 45 4F 80 00 20 E2 A7 CF 80 00 71 F1 45 4F 80 00 
[ 8680.1074] 0x08A0: F1 73 E2 4D 80 00 F9 53 E2 85 00 00 79 D3 E4 8D 
[ 8680.1074] 0x08B0: 80 00 F9 53 E2 85 00 00 A9 F0 83 85 00 00 A1 F2 
[ 8680.1074] 0x08C0: A7 81 00 00 A9 F0 83 85 00 00 29 F2 A3 C4 00 00 
[ 8680.1074] 0x08D0: F9 83 E4 8D 80 00 F9 13 E4 4D 80 00 F8 33 E2 4D 
[ 8680.1074] 0x08E0: 80 00 F9 13 E2 8D 80 00 79 A1 C2 CC 00 00 F8 A1 
[ 8680.1074] 0x08F0: C2 8D 80 00 F0 B1 C6 81 80 00 F8 A1 C2 8D 80 00 
[ 8680.1074] 0x0900: C4 A9 10 31 28 44 20 4A 10 00 84 00 00 00 00 39 
[ 8680.1084] 0x0910: 8E 18 38 39 8F 18 38 39 8E 98 38 39 8E 18 38 70 
[ 8680.1084] 0x0920: 61 C6 70 70 63 C6 70 70 65 C6 70 70 61 C6 70 09 
[ 8680.1084] 0x0930: 37 9E 30 43 27 9E 30 00 30 80 F0 F0 10 00 40 40 
[ 8680.1240] 0x0940: 30 80 E0 E0 10 00 40 40 30 80 F0 F0 10 00 40 40 
[ 8680.1240] 0x0950: 50 80 C0 C0 00 40 80 80 80 60 80 C0 C0 40 80 80 
[ 8680.1240] 0x0960: 80 60 80 C0 C0 00 08 80 04 01 08 80 20 20 08 80 
[ 8680.1250] 0x0970: 04 01 00 04 40 20 20 00 80 40 40 01 40 FF 01 01 
[ 8680.1250] 0x0980: 00 B0 B0 01 40 FF 01 00 01 80 A0 01 01 00 80 80 
[ 8680.1250] 0x0990: 01 80 A0 01 01 00 80 80 01 80 A0 01 00 01 80 A0 
[ 8680.1250] 0x09A0: 01 01 00 60 60 01 80 A0 01 01 00 60 60 01 80 A0 
[ 8680.1250] 0x09B0: 01 00 00 00 02 04 03 08 04 0C 05 10 06 14 07 18 
[ 8680.1250] 0x09C0: 08 1C 09 30 0A 34 21 0E 0F 0F 0F 0F 01 02 0B 0F 
[ 8680.1260] 0x09D0: 0F 0F 0D 04 00 00 06 FD 05 02 06 01 07 00 80 40 
[ 8680.1260] 0x09E0: 20 10 08 04 02 01 7C 15 54 20 3E 51 20 66 50 78 
[ 8680.1260] 0x09F0: 15 E4 54 28 16 49 30 82 F7 31 41 25 35 94 EE 2A 
[ 8680.1260] 0x0A00: 08 05 28 16 5C 64 6E 70 5D 20 F0 5C 71 6B 5C 65 
[ 8680.1260] 0x0A10: 6D 20 F0 5D 18 61 5C 66 6D 20 10 5C 67 5C 6B 70 
[ 8680.1260] 0x0A20: 5C 28 13 C6 28 12 2D 70 E8 94 FA 64 69 71 EC 5C 
[ 8680.1260] 0x0A30: 66 69 72 5C 63 6D 18 5C 29 0B C4 2A 08 23 28 16 
[ 8680.1260] 0x0A40: 5C 63 6B 4C 64 6E EC 12 12 94 2A 71 15 FC 94 25 
[ 8680.1260] 0x0A50: 71 50 6B 66 4C 67 ED 94 06 30 82 F8 90 1C 4E 4C 
[ 8680.1260] 0x0A60: 18 1F 84 05 66 CC 92 12 71 50 6B 66 4C 67 5D 30 
[ 8680.1260] 0x0A70: 82 FA 90 06 67 6B 70 5D 5C 66 6B 70 5D 5C 65 6D 
[ 8680.1260] 0x0A80: 7F 15 5D 61 4C 14 94 03 75 5C 4C 15 24 05 5C 66 
[ 8680.1260] 0x0A90: 69 70 5C 65 6A 71 5E 5E 5C 67 68 73 5D 70 5C 64 
[ 8680.1260] 0x0AA0: 6E 71 15 FC 84 05 67 69 73 5C 62 68 70 5D 5C 2A 
[ 8680.1260] 0x0AB0: 08 17 28 16 5C 2A 08 29 28 16 5C 64 6E 4C 12 12 
[ 8680.1260] 0x0AC0: 5A 62 6B 4D 73 5D 77 5C 8F FA 63 6F 77 5E 73 5E 
[ 8680.1260] 0x0AD0: 8F FB 71 58 48 0B 62 4C 13 84 04 28 14 54 74 5B 
[ 8680.1260] 0x0AE0: 4B 59 28 16 9C 3B 94 F9 38 82 EA 65 6A 71 FC 5B 
[ 8680.1260] 0x0AF0: 65 68 4D FC EE EC 21 01 94 07 64 69 71 FC 84 13 
[ 8680.1260] 0x0B00: 71 50 65 6A 71 EC 5C 71 FC 0B 67 73 FC 94 04 30 
[ 8680.1260] 0x0B10: 82 F1 90 3A 71 58 48 0B 67 73 FC 84 1D 1F 59 78 
[ 8680.1260] 0x0B20: FA 94 09 65 6A 71 FC E8 70 94 0F 48 0B 62 70 EC 
[ 8680.1260] 0x0B30: 94 08 E8 20 17 84 03 20 4C 50 48 0B 62 40 5C 13 
[ 8680.1260] 0x0B40: 84 07 28 14 57 28 16 75 38 82 CC 90 39 78 FA 94 
[ 8680.1260] 0x0B50: 12 65 6A 71 FC EB 84 0B 65 6D 4C 22 F0 5C 66 69 
[ 8680.1260] 0x0B60: 70 5C 66 69 72 18 FC 5C 66 69 4C 12 12 94 15 4A 
[ 8680.1260] 0x0B70: 58 2A 08 35 28 16 5C 48 5A 28 13 C6 28 12 2D 70 
[ 8680.1260] 0x0B80: E8 94 FA 90 90 2A 08 1D 65 69 4C 12 13 5E 8F FB 
[ 8680.1270] 0x0B90: 64 6B 4C 12 13 5C 6D 71 5D 20 A0 61 EC 14 94 04 
[ 8680.1270] 0x0BA0: 28 16 5C 2A 08 17 66 69 4C 12 12 25 23 20 A0 84 
[ 8680.1270] 0x0BB0: 03 20 F0 64 6F 5C 20 10 5A 70 50 28 17 07 3A 94 
[ 8680.1270] 0x0BC0: F9 28 16 5C 67 6A 4C 1F 25 C0 94 02 70 5C 51 73 
[ 8680.1270] 0x0BD0: 52 28 16 EB 40 58 0B 12 94 40 62 EC 84 7A 20 08 
[ 8680.1270] 0x0BE0: F1 54 65 71 FC 62 94 2D B0 B4 B1 A4 50 70 E8 84 
[ 8680.1270] 0x0BF0: 03 A1 50 71 F0 94 09 20 54 EC 84 0D 4C 1F 5C 72 
[ 8680.1270] 0x0C00: F0 94 06 7F EC 84 02 3C 7F 54 0B F8 94 07 E0 91 
[ 8680.1270] 0x0C10: 04 3E 75 5C 28 14 59 90 3F 71 F1 94 04 29 0E 6E 
[ 8680.1270] 0x0C20: 64 6A 71 FE 84 0B 66 72 FC 94 06 76 F1 12 94 04 
[ 8680.1270] 0x0C30: 29 0C C0 50 30 75 C0 15 12 0B 6D 4C 14 15 5D 70 
[ 8680.1270] 0x0C40: 5D 5C 54 78 52 74 53 20 31 51 40 13 13 C0 13 13 
[ 8680.1270] 0x0C50: C0 24 1B 50 28 16 00 29 0F 57 67 6A 73 FC 94 5E 
[ 8680.1270] 0x0C60: 74 FC 12 12 58 0B 67 73 18 CC 92 52 5C 65 6B 71 
[ 8680.1270] 0x0C70: FC 94 08 B5 48 1F 13 13 15 B5 76 C8 15 12 0B 6B 
[ 8680.1270] 0x0C80: 71 50 7F FC 20 EF 94 02 1F CC 5C 24 10 92 02 5C 
[ 8680.1270] 0x0C90: 4D 30 82 EF 6C 20 67 DC 5E 20 66 19 DC 5C 71 50 
[ 8680.1270] 0x0CA0: 70 51 4C 14 94 04 E1 84 06 71 51 15 CC 5C 7F FC 
[ 8680.1270] 0x0CB0: 94 04 E1 84 05 71 51 CC 5C 4D 30 82 E6 29 0B C4 
[ 8680.1270] 0x0CC0: 62 6C 4D 12 12 94 5D 0A 1F 0B 25 20 94 F5 6C 64 
[ 8680.1270] 0x0CD0: 4C 65 EE 12 94 4E 8F F8 64 69 71 FC 84 35 65 6A 
[ 8680.1270] 0x0CE0: 71 FC 50 0B 67 73 18 FC 5C 64 6E 72 15 FC 84 09 
[ 8680.1270] 0x0CF0: 71 E0 0B 67 73 18 FC 5C 62 6B 4C 25 0F 82 28 2A 
[ 8680.1270] 0x0D00: 08 29 72 F1 76 84 02 70 8E 41 58 28 16 5C 48 51 
[ 8680.1270] 0x0D10: 90 15 65 68 4D FC EE EC 21 01 94 0B 66 69 4C 12 
[ 8680.1270] 0x0D20: 12 84 04 29 0F 57 66 69 4C 22 02 5C 63 6D 70 EC 
[ 8680.1270] 0x0D30: 91 35 18 5C 6F 20 40 5C 64 69 71 FC 84 06 2A 09 
[ 8680.1270] 0x0D40: 38 90 0E 65 68 4D FC EE EC 21 01 84 07 2A 09 55 
[ 8680.1270] 0x0D50: 28 17 11 64 6E 73 FD 94 09 4C 25 F0 92 04 20 F0 
[ 8680.1270] 0x0D60: 5C 6E 4C 63 6B 5C 63 6F 70 EC 84 02 3C 64 6E 73 
[ 8680.1270] 0x0D70: FD 94 B1 4C 25 F0 92 AC 41 5A 64 69 71 FC 94 19 
[ 8680.1270] 0x0D80: 71 58 48 0B 65 71 FC 84 0D 67 73 FC 1F 59 20 10 
[ 8680.1279] 0x0D90: FA 54 28 16 77 38 82 EB 67 68 4D FC EE EC 84 45 
[ 8680.1279] 0x0DA0: 12 12 94 3B 65 6C 20 0E FA 94 13 A0 15 91 0F 71 
[ 8680.1279] 0x0DB0: EC 5C 15 12 15 54 63 6F 20 40 5C 90 13 71 FC 63 
[ 8680.1279] 0x0DC0: 6F 84 16 70 EC 94 04 20 40 5C 20 08 FA 15 54 20 
[ 8680.1279] 0x0DD0: 1F 50 20 0A 51 28 16 49 63 6F 70 EC 84 04 29 0F 
[ 8680.1279] 0x0DE0: 57 29 0A AF 63 6F 70 EC 94 F5 20 0E FA 94 F0 A0 
[ 8680.1279] 0x0DF0: 50 18 15 94 10 B0 B4 B1 A4 50 A1 F0 14 50 21 FC 
[ 8680.1279] 0x0E00: C0 22 04 50 71 F0 20 FF 84 23 72 F0 71 84 1E 74 
[ 8680.1279] 0x0E10: F0 84 08 78 F0 94 15 29 0A 3B 65 6B 71 EC 5C 15 
[ 8680.1279] 0x0E20: 12 15 54 20 34 50 76 51 28 16 49 70 50 A0 22 F0 
[ 8680.1279] 0x0E30: 51 A4 F1 51 A1 F1 18 84 06 64 6F 20 F0 5C 2A 09 
[ 8680.1279] 0x0E40: B3 70 51 64 6E 4C 8D 84 07 8D 41 1F 51 90 F7 40 
[ 8680.1279] 0x0E50: C1 25 FF 84 08 25 0A 94 05 70 90 02 79 51 13 2A 
[ 8680.1279] 0x0E60: 09 B3 8E 16 5C 16 59 72 58 28 16 75 90 53 64 6E 
[ 8680.1279] 0x0E70: 73 FD 5A 94 23 4C 25 F0 92 38 6B 71 FC 6F 84 05 
[ 8680.1279] 0x0E80: 73 F1 94 04 3C 92 29 72 F1 12 58 7C F1 12 12 1F 
[ 8680.1279] 0x0E90: 59 28 16 9C 29 0F 4A 73 EA 84 42 7C F1 12 12 55 
[ 8680.1279] 0x0EA0: 71 FA 13 1F F5 55 7C F1 25 0C 94 02 3A 90 73 20 
[ 8680.1445] 0x0EB0: F7 1F 82 10 5C 76 FC 12 1F 59 71 FC 58 28 16 99 
[ 8680.1445] 0x0EC0: 29 0F 57 41 14 66 6B CC 67 CC 21 01 55 64 6F 71 
[ 8680.1445] 0x0ED0: 94 03 20 61 5D 73 5A 4C 12 13 C5 5C 68 71 FE 13 
[ 8680.1445] 0x0EE0: 24 FF CC 5C 23 61 84 37 71 ED 84 33 2A 09 73 71 
[ 8680.1445] 0x0EF0: FC 13 13 55 7C F1 12 12 C5 55 6E 7A 15 61 EC 14 
[ 8680.1445] 0x0F00: 94 07 45 12 12 23 09 55 78 51 F5 8E 67 68 4D FC 
[ 8680.1445] 0x0F10: EE EC 12 12 94 04 28 17 11 2A 09 0F 90 07 5A 73 
[ 8680.1445] 0x0F20: 55 2A 08 FF 45 13 13 8E 78 15 54 76 52 75 53 78 
[ 8680.1445] 0x0F30: 51 64 6F 4D 50 71 FC 84 02 30 28 16 00 6E 73 18 
[ 8680.1455] 0x0F40: FC CA 5D 70 EA 94 11 20 F0 5C 66 69 4C 12 12 94 
[ 8680.1455] 0x0F50: 07 64 6B 4C 22 01 5C 67 6A 71 FC 5A 64 6E 4C 12 
[ 8680.1455] 0x0F60: 12 53 78 F3 4A 94 05 65 6A 71 FC 57 7A CA 13 0B 
[ 8680.1455] 0x0F70: 5B 4C 12 12 94 4B 64 6B 71 FC 94 65 B0 B4 B1 4B 
[ 8680.1455] 0x0F80: 0B 4D 3C 82 5C 70 5C 4A 12 94 39 EA 84 05 7A F3 
[ 8680.1455] 0x0F90: 84 4F 47 0B 62 13 94 04 A4 90 02 A1 91 43 4C 13 
[ 8680.1455] 0x0FA0: 84 3F 72 CC 55 4B 0B 45 5D 20 37 5E 72 F3 84 0B 
[ 8680.1455] 0x0FB0: 0A 23 02 0B 73 ED 94 03 77 5C 2A 09 66 28 17 11 
[ 8680.1455] 0x0FC0: 29 10 69 12 84 05 71 F3 84 17 A4 55 A1 C5 55 67 
[ 8680.1455] 0x0FD0: 6A 4C 12 12 C5 6C CC 66 CC 62 6A CC 21 07 94 0A 
[ 8680.1455] 0x0FE0: 20 03 50 28 17 07 29 11 F6 55 35 62 6A 45 15 12 
[ 8680.1455] 0x0FF0: C5 CC 24 09 56 69 4E 18 1F C6 25 12 71 82 04 8F 
[ 8680.1455] 0x1000: F6 70 54 45 2A 09 DE 8E 16 55 6C 64 4C 65 FC EC 
[ 8680.1455] 0x1010: 64 EE F5 94 05 8F F6 90 C8 4D 4C 65 FC F5 84 C1 
[ 8680.1455] 0x1020: 0A 21 07 55 62 6B 4C 25 10 82 13 74 E5 94 0F A4 
[ 8680.1455] 0x1030: 58 A1 F8 58 73 F8 25 03 84 04 70 90 02 71 E4 84 
[ 8680.1455] 0x1040: 06 4B 0B 3C 82 9B 45 13 C5 13 55 62 6B 75 CC C5 
[ 8680.1455] 0x1050: 55 4B 0B 76 18 C6 5D 45 5C 6F 4D 4D 12 12 94 05 
[ 8680.1455] 0x1060: 77 5E 73 5D 8F F5 29 11 E7 28 16 41 4A 12 71 94 
[ 8680.1455] 0x1070: 03 70 18 CC 5C 4A 12 84 04 29 11 6E 6B 4E 18 1F 
[ 8680.1455] 0x1080: 56 4C 18 55 4B 0B 72 C5 CD 51 79 52 28 16 EB 55 
[ 8680.1455] 0x1090: 4C C6 51 76 52 40 56 28 16 EB 40 2A 09 C7 8E 16 
[ 8680.1455] 0x10A0: 50 2A 09 CD 46 8E 40 8A 50 74 18 C1 82 4F 76 18 
[ 8680.1455] 0x10B0: C5 82 4A 28 12 0B 18 1F 56 41 15 12 C5 C6 78 91 
[ 8680.1455] 0x10C0: 07 71 F9 94 03 72 C9 56 F0 84 32 2A 13 C6 45 18 
[ 8680.1455] 0x10D0: 8E 16 55 41 0B 64 45 FC 65 FC 84 21 66 68 78 E6 
[ 8680.1455] 0x10E0: 13 14 CC 13 13 21 08 23 28 C1 0B 45 EC 5C 75 18 
[ 8680.1465] 0x10F0: C1 18 55 64 6C 4C 12 13 C7 5C 90 55 7C 56 64 6E 
[ 8680.1465] 0x1100: 73 FD 84 59 25 03 94 53 4C 18 1F 55 4B 0B 4D C5 
[ 8680.1465] 0x1110: 25 04 92 47 20 F8 CC 25 04 92 40 64 6E 71 EC 5C 
[ 8680.1465] 0x1120: 20 19 55 61 20 A0 EC 14 94 27 76 C7 15 12 0B 6B 
[ 8680.1465] 0x1130: 7F FC 20 EF 94 02 1F CC 5C 24 10 92 02 5C 20 69 
[ 8680.1465] 0x1140: DC 5C 84 09 14 71 84 03 20 11 CC 5C 20 19 C5 55 
[ 8680.1465] 0x1150: 47 0B 67 45 13 13 CC 5C 90 0C 77 56 4B 0B 4D 4E 
[ 8680.1465] 0x1160: 18 1F C6 92 5B 4B 0B 73 5D 77 5C 29 11 F6 20 36 
[ 8680.1465] 0x1170: EC 94 09 4E 20 F2 CD 25 4B 92 EB 4C 25 3B 84 E6 
[ 8680.1465] 0x1180: 62 69 4C 18 1F 56 0A 55 4B 0B 4D C6 25 04 92 29 
[ 8680.1465] 0x1190: 20 C9 CC 25 03 92 22 45 0B 65 71 FC 94 1B 71 EC 
[ 8680.1465] 0x11A0: 5C 67 3C 64 6B 4C 22 01 5C 6E 73 FD 94 B8 4C 25 
[ 8680.1465] 0x11B0: F0 92 B3 20 F0 5C 90 AE 45 0B 4E 8F C6 4B 0B 20 
[ 8680.1465] 0x11C0: E5 CD 51 20 15 52 28 16 EB 25 02 91 1B 77 18 C0 
[ 8680.1465] 0x11D0: 81 16 20 CF CC 52 12 12 94 0E 28 14 2E 84 09 43 
[ 8680.1465] 0x11E0: EC 5C 28 16 41 90 D0 4A 12 78 94 06 47 13 1F 13 
[ 8680.1465] 0x11F0: 13 15 54 28 16 43 4A 12 94 0C 67 6A 72 FC 1F 1F 
[ 8680.1465] 0x1200: CA 5A 29 0F 5C 28 12 2D 29 0C 5A 66 6A 73 FC 59 
[ 8680.1465] 0x1210: 4C 12 12 58 1C 66 6A 48 13 13 C9 5C 1C 62 6B 71 
[ 8680.1465] 0x1220: F9 CC 5E 73 E9 71 84 02 49 CC 5C 3C 1C 08 66 69 
[ 8680.1465] 0x1230: 72 FE 84 08 20 1F 50 28 17 07 0C 4C 53 28 12 0B 
[ 8680.1465] 0x1240: 13 14 56 0B 77 F8 57 18 2A 13 C0 8E 65 4C 64 FC 
[ 8680.1465] 0x1250: EC 65 EC 8A 76 8E 94 03 70 57 37 82 3D 76 57 36 
[ 8680.1465] 0x1260: 82 2A 74 56 28 12 1D 66 69 71 FC 84 18 3C 71 C9 
[ 8680.1465] 0x1270: 21 03 59 64 71 FC 84 08 71 F9 84 04 73 E9 59 6A 
[ 8680.1465] 0x1280: 4C 12 13 5C 71 C3 53 66 68 5C 6D 4E 65 2A 13 BF 
[ 8680.1465] 0x1290: 4C 64 FC EC 65 EC 12 84 C0 65 70 52 72 50 16 51 
[ 8680.1475] 0x12A0: FC 84 04 42 C0 52 64 41 30 94 F6 70 E2 84 AC 73 
[ 8680.1475] 0x12B0: E2 84 60 2A 08 57 73 F3 25 03 94 50 41 EC 5C 65 
[ 8680.1475] 0x12C0: 41 18 FC 5C 71 E2 94 44 66 69 73 18 CC 5C 12 23 
[ 8680.1475] 0x12D0: 38 12 94 13 6C 64 4C 65 FC EC 64 EC 12 94 08 6E 
[ 8680.1475] 0x12E0: 61 75 CC 21 FA 5C 66 69 4C 12 12 94 1F 4C 22 02 
[ 8680.1475] 0x12F0: 5C 64 6E 73 FD 94 09 4C 25 F0 92 04 20 F0 5C 6C 
[ 8680.1475] 0x1300: 71 FC 0B 67 46 24 2D 13 13 CC 5C 71 F2 13 1F F3 
[ 8680.1475] 0x1310: 90 0D 2A 08 87 46 13 13 50 7F F3 12 12 C0 50 13 
[ 8680.1475] 0x1320: C0 13 8E 62 6B 46 13 C6 13 CE 51 47 15 12 C7 CC 
[ 8680.1475] 0x1330: 50 60 69 28 12 1F 73 E2 94 2B 41 25 31 94 0C 64 
[ 8680.1475] 0x1340: 69 4C 22 01 5C 6B 4C 22 01 5C 41 25 2C 94 07 64 
[ 8680.1475] 0x1350: 6A 4C 22 01 5C 40 23 5A 84 05 79 E0 94 07 66 69 
[ 8680.1475] 0x1360: 4C 22 01 5C 30 31 46 15 12 C7 58 42 5B 77 52 76 
[ 8680.1475] 0x1370: 53 78 15 54 28 16 00 28 12 15 72 53 73 EB 94 2B 
[ 8680.1475] 0x1380: 64 6B 71 FC 94 25 6D 3C 4C 13 13 94 1E 7C 15 CC 
[ 8680.1475] 0x1390: 52 66 69 77 50 2A 09 DE 30 4C 8A 84 FC 40 15 12 
[ 8680.1475] 0x13A0: C2 64 6D 5C F2 71 84 02 70 53 43 13 13 C3 13 13 
[ 8680.1475] 0x13B0: C3 2A 09 88 8E 28 17 11 0C FC F8 F0 E0 C0 80 02 
[ 8680.1475] 0x13C0: 04 08 10 20 40 80 08 65 6D 4C 14 25 09 84 06 71 
[ 8680.1475] 0x13D0: 15 CC 5C 14 24 0E 62 6B 5E 79 5C 66 20 A1 5E 20 
[ 8680.1475] 0x13E0: 8C 5C 64 69 70 5C 6C 64 4C 22 FE 5C 65 4C 22 FE 
[ 8680.1475] 0x13F0: 5E 8F F5 65 6D 4C 14 25 04 70 92 02 18 50 65 6D 
[ 8680.1475] 0x1400: 4C 14 15 5C 7F F0 CC 5D 40 5D 5C 0A 24 C8 0B 92 
[ 8680.1475] 0x1410: EF 78 F0 15 54 78 52 20 31 51 20 1B 50 2A 08 4F 
[ 8680.1641] 0x1420: 74 53 28 16 00 20 15 C0 50 25 5A 94 F1 0C 2A 08 
[ 8680.1641] 0x1430: 4F 42 8E 16 53 40 2A 09 DE 8E 43 8A 84 16 2A 09 
[ 8680.1650] 0x1440: D6 42 13 8E 75 C1 15 12 88 0B 16 2A 09 DE C0 8E 
[ 8680.1650] 0x1450: 16 53 FC 1C 70 90 02 71 54 48 0B 62 70 E4 84 06 
[ 8680.1650] 0x1460: 48 13 1F 13 13 15 54 4C 50 30 20 37 51 77 52 74 
[ 8680.1650] 0x1470: 53 2A 08 53 29 16 00 2A 2A 2A 2A 2A 2A 2A 2A 2A 
[ 8680.1650] 0x1480: 2A 2A 2A 2A 20 20 42 45 47 49 4E 4E 49 4E 47 20 
[ 8680.1650] 0x1490: 20 2A 2A 2A 2A 2A 2A 2A 2A 2A 2A 2A 2A 2A 2A 2A 
[ 8680.1650] 0x14A0: 2A 53 43 52 45 45 4E 53 54 00 00 00 00 00 00 00 
[ 8680.1650] 0x14B0: 00 00 00 00 00 00 00 00 00 00 00 00 00 00 00 00 
[ 8680.1650] 0x14C0: 00 00 00 00 15 17 2D 2A 2A 2A 2A 2A 2A 2A 2A 2A 
[ 8680.1650] 0x14D0: 2A 2A 2A 2A 2A 2A 2A 20 20 20 20 20 4F 46 20 20 
[ 8680.1650] 0x14E0: 20 20 20 20 2A 2A 2A 2A 2A 2A 2A 2A 2A 2A 2A 2A 
[ 8680.1650] 0x14F0: 2A 2A 2A 2A 2C 50 55 54 4C 49 53 54 00 00 00 00 
[ 8680.1650] 0x1500: 00 00 00 00 00 00 00 00 00 00 00 00 00 00 00 00 
[ 8680.1650] 0x1510: 00 00 00 00 00 00 00 15 6A 2D 2A 2A 2A 2A 2A 2A 
[ 8680.1650] 0x1520: 2A 2A 2A 2A 2A 2A 2A 2A 2A 2A 20 20 20 50 52 4F 
[ 8680.1650] 0x1530: 47 52 41 4D 20 20 20 2A 2A 2A 2A 2A 2A 2A 2A 2A 
[ 8680.1650] 0x1540: 2A 2A 2A 2A 2A 2A 2A 2C 50 55 54 4C 49 53 54 00 
[ 8680.1650] 0x1550: 00 00 00 00 00 00 00 00 00 00 00 00 00 00 00 00 
[ 8680.1650] 0x1560: 00 00 00 00 00 00 00 00 00 00 15 BD 01 2A 20 20 
[ 8680.1650] 0x1570: 20 20 20 20 20 20 44 43 20 20 20 20 48 27 30 30 
[ 8680.1650] 0x1580: 38 30 27 31 37 33 27 4D 55 53 49 43 45 55 54 4D 
[ 8680.1650] 0x1590: 49 53 4C 2C 50 55 54 44 4F 54 2C 50 55 54 4C 49 
[ 8680.1650] 0x15A0: 53 54 00 00 00 00 00 00 00 00 00 00 00 00 00 00 
[ 8680.1650] 0x15B0: 00 00 00 00 00 00 00 00 00 00 00 00 00 16 10 01 
[ 8680.1660] 0x15C0: 2A 20 20 20 20 20 20 20 20 44 43 20 20 20 20 48 
[ 8680.1660] 0x15D0: 27 34 30 34 30 27 44 38 30 27 4D 55 53 49 43 45 
[ 8680.1660] 0x15E0: 55 54 4D 49 53 4C 2C 50 55 54 44 4F 54 2C 50 55 
[ 8680.1660] 0x15F0: 54 4C 49 53 54 00 00 00 00 00 00 00 00 00 00 00 
[ 8680.1660] 0x1600: 71 57 A5 18 21 C0 C1 18 B5 33 92 35 42 55 40 18 
[ 8680.1660] 0x1610: B4 37 94 0C 78 57 16 56 71 F4 84 03 70 18 8E 46 
[ 8680.1660] 0x1620: C6 56 44 82 02 70 18 B1 76 15 B0 13 B0 90 01 24 
[ 8680.1660] 0x1630: 60 94 FD 35 84 06 A4 24 FF 90 D6 A5 24 FF 90 C9 
[ 8680.1660] 0x1640: 1C 70 54 4B 0B 4D 50 4C 51 40 18 B4 A5 18 21 C0 
[ 8680.1660] 0x1650: C1 18 B5 44 18 B1 76 15 B0 13 B0 1C 08 60 6C 16 
[ 8680.1660] 0x1660: 5E 8F FD 16 11 2A 08 00 8E 28 16 00 10 72 F4 84 
[ 8680.1660] 0x1670: EE 0C 70 90 02 71 54 48 13 C8 2A 16 8C 8E 16 50 
[ 8680.1660] 0x1680: 16 51 70 E4 16 94 03 15 14 54 90 43 22 08 42 43 
[ 8680.1660] 0x1690: 08 C2 35 08 80 09 08 4C 08 70 90 0F 64 6E 70 E8 
[ 8680.1660] 0x16A0: 74 84 08 71 15 FC 7C 94 02 78 15 54 76 C8 15 24 
[ 8680.1660] 0x16B0: 06 C9 12 0B 2A 16 95 48 13 8E 16 50 16 51 49 13 
[ 8680.1660] 0x16C0: 13 C0 50 71 F9 4E 94 06 14 52 4C 15 C2 59 08 73 
[ 8680.1660] 0x16D0: 52 49 15 14 13 2A 08 39 8E 75 53 28 16 00 73 18 
[ 8680.1660] 0x16E0: C0 50 72 E4 54 72 F4 49 94 EA 0C 70 50 78 53 40 
[ 8680.1660] 0x16F0: 13 50 41 C1 51 40 19 50 42 18 1F C0 92 05 50 71 
[ 8680.1660] 0x1700: C1 51 33 94 EB 41 1C 20 19 51 31 94 FE 30 94 F8 
[ 8680.1660] 0x1710: 1C 70 88 94 02 1C 53 65 6B 71 FC 16 84 02 70 52 
[ 8680.1660] 0x1720: 16 51 16 50 60 69 42 B5 4E 54 34 94 FE 70 8F F8 
[ 8680.1660] 0x1730: 33 94 F3 90 DD 54 44 4F 54 2C 50 55 54 4C 49 53 
[ 8680.1660] 0x1740: 54 00 00 00 00 00 00 00 00 00 00 00 00 00 00 00 
[ 8680.1660] 0x1750: 00 00 00 00 00 00 00 00 00 00 00 00 17 AF 05 2A 
[ 8680.1670] 0x1760: 2A 2A 2A 2A 20 20 20 20 44 43 20 20 20 20 48 27 
[ 8680.1670] 0x1770: 30 31 34 30 27 39 35 33 27 4D 55 53 49 43 45 55 
[ 8680.1670] 0x1780: 54 4D 49 53 4C 2C 50 55 54 44 4F 54 2C 50 55 54 
[ 8680.1670] 0x1790: 4C 49 53 54 00 00 00 00 00 00 00 00 00 00 00 00 
[ 8680.1670] 0x17A0: 00 00 00 00 00 00 00 00 00 00 00 00 00 00 00 18 
[ 8680.1670] 0x17B0: 02 01 2A 20 20 20 20 20 20 20 20 44 43 20 20 20 
[ 8680.1670] 0x17C0: 20 48 27 46 46 30 31 27 35 30 30 27 4D 55 53 49 
[ 8680.1670] 0x17D0: 43 45 55 54 4D 49 53 4C 2C 50 55 54 44 4F 54 2C 
[ 8680.1670] 0x17E0: 50 55 54 4C 49 53 54 00 00 00 00 00 00 00 00 00 
[ 8680.1670] 0x17F0: 00 00 00 00 00 00 00 00 00 00 00 00 00 00 00 00 
[ 8680.1670] 0x1800: 00 00 00 00 00 00 00 00 00 00 00 00 00 00 00 00 
[ 8680.1670] 0x1810: 00 00 00 00 00 00 00 00 00 00 00 00 00 00 00 00 
[ 8680.1670] 0x1820: 00 00 00 00 00 00 00 00 00 00 00 00 00 00 00 00 
[ 8680.1670] 0x1830: 00 00 00 00 00 00 00 00 00 00 00 00 00 00 00 00 
[ 8680.1670] 0x1840: 00 00 00 00 00 00 00 00 00 00 00 00 00 00 00 00 
[ 8680.1670] 0x1850: 00 00 00 00 00 00 00 00 00 00 00 00 00 00 00 00 
[ 8680.1670] 0x1860: 00 00 00 00 00 00 00 00 00 00 00 00 00 00 00 00 
[ 8680.1670] 0x1870: 00 00 00 00 00 00 00 00 00 00 00 00 00 00 00 00 
[ 8680.1670] 0x1880: 00 00 00 00 00 00 00 00 00 00 00 00 00 00 00 00 
[ 8680.1670] 0x1890: 00 00 00 00 00 00 00 00 00 00 00 00 00 00 00 00 
[ 8680.1670] 0x18A0: 00 00 00 00 00 00 00 00 00 00 00 00 00 00 00 00 
[ 8680.1670] 0x18B0: 00 00 00 00 00 00 00 00 00 00 00 00 00 00 00 00 
[ 8680.1670] 0x18C0: 00 00 00 00 00 00 00 00 00 00 00 00 00 00 00 00 
[ 8680.1680] 0x18D0: 00 00 00 00 00 00 00 00 00 00 00 00 00 00 00 00 
[ 8680.1680] 0x18E0: 00 00 00 00 00 00 00 00 00 00 00 00 00 00 00 00 
[ 8680.1680] 0x18F0: 00 00 00 00 00 00 00 00 00 00 00 00 00 00 00 00 
[ 8680.1680] 0x1900: 00 00 00 00 00 00 00 00 00 00 00 00 00 00 00 00 
[ 8680.1680] 0x1910: 00 00 00 00 00 00 00 00 00 00 00 00 00 00 00 00 
[ 8680.1680] 0x1920: 00 00 00 00 00 00 00 00 00 00 00 00 00 00 00 00 
[ 8680.1680] 0x1930: 00 00 00 00 00 00 00 00 00 00 00 00 00 00 00 00 
[ 8680.1680] 0x1940: 00 00 00 00 00 00 00 00 00 00 00 00 00 00 00 00 
[ 8680.1680] 0x1950: 00 00 00 00 00 00 00 00 00 00 00 00 00 00 00 00 
[ 8680.1680] 0x1960: 00 00 00 00 00 00 00 00 00 00 00 00 00 00 00 00 
[ 8680.1680] 0x1970: 00 00 00 00 00 00 00 00 00 00 00 00 00 00 00 00 
[ 8680.1680] 0x1980: 00 00 00 00 00 00 00 00 00 00 00 00 00 00 00 00 
[ 8680.1846] 0x1990: 00 00 00 00 00 00 00 00 00 00 00 00 00 00 00 00 
[ 8680.1846] 0x19A0: 00 00 00 00 00 00 00 00 00 00 00 00 00 00 00 00 
[ 8680.1846] 0x19B0: 00 00 00 00 00 00 00 00 00 00 00 00 00 00 00 00 
[ 8680.1846] 0x19C0: 00 00 00 00 00 00 00 00 00 00 00 00 00 00 00 00 
[ 8680.1846] 0x19D0: 00 00 00 00 00 00 00 00 00 00 00 00 00 00 00 00 
[ 8680.1846] 0x19E0: 00 00 00 00 00 00 00 00 00 00 00 00 00 00 00 00 
[ 8680.1846] 0x19F0: 00 00 00 00 00 00 00 00 00 00 00 00 00 00 00 00 
[ 8680.1846] 0x1A00: 00 00 00 00 00 00 00 00 00 00 00 00 00 00 00 00 
[ 8680.1846] 0x1A10: 00 00 00 00 00 00 00 00 00 00 00 00 00 00 00 00 
[ 8680.1855] 0x1A20: 00 00 00 00 00 00 00 00 00 00 00 00 00 00 00 00 
[ 8680.1855] 0x1A30: 00 00 00 00 00 00 00 00 00 00 00 00 00 00 00 00 
[ 8680.1855] 0x1A40: 00 00 00 00 00 00 00 00 00 00 00 00 00 00 00 00 
[ 8680.1855] 0x1A50: 00 00 00 00 00 00 00 00 00 00 00 00 00 00 00 00 
[ 8680.1855] 0x1A60: 00 00 00 00 00 00 00 00 00 00 00 00 00 00 00 00 
[ 8680.1855] 0x1A70: 00 00 00 00 00 00 00 00 00 00 00 00 00 00 00 00 
[ 8680.1855] 0x1A80: 00 00 00 00 00 00 00 00 00 00 00 00 00 00 00 00 
[ 8680.1855] 0x1A90: 00 00 00 00 00 00 00 00 00 00 00 00 00 00 00 00 
[ 8680.1855] 0x1AA0: 00 00 00 00 00 00 00 00 00 00 00 00 00 00 00 00 
[ 8680.1855] 0x1AB0: 00 00 00 00 00 00 00 00 00 00 00 00 00 00 00 00 
[ 8680.1855] 0x1AC0: 00 00 00 00 00 00 00 00 00 00 00 00 00 00 00 00 
[ 8680.1855] 0x1AD0: 00 00 00 00 00 00 00 00 00 00 00 00 00 00 00 00 
[ 8680.1855] 0x1AE0: 00 00 00 00 00 00 00 00 00 00 00 00 00 00 00 00 
[ 8680.1855] 0x1AF0: 00 00 00 00 00 00 00 00 00 00 00 00 00 00 00 00 
[ 8680.1855] 0x1B00: 00 00 00 00 00 00 00 00 00 00 00 00 00 00 00 00 
[ 8680.1855] 0x1B10: 00 00 00 00 00 00 00 00 00 00 00 00 00 00 00 00 
[ 8680.1855] 0x1B20: 00 00 00 00 00 00 00 00 00 00 00 00 00 00 00 00 
[ 8680.1855] 0x1B30: 00 00 00 00 00 00 00 00 00 00 00 00 00 00 00 00 
[ 8680.1855] 0x1B40: 00 00 00 00 00 00 00 00 00 00 00 00 00 00 00 00 
[ 8680.1855] 0x1B50: 00 00 00 00 00 00 00 00 00 00 00 00 00 00 00 00 
[ 8680.1855] 0x1B60: 00 00 00 00 00 00 00 00 00 00 00 00 00 00 00 00 
[ 8680.1865] 0x1B70: 00 00 00 00 00 00 00 00 00 00 00 00 00 00 00 00 
[ 8680.1865] 0x1B80: 00 00 00 00 00 00 00 00 00 00 00 00 00 00 00 00 
[ 8680.1865] 0x1B90: 00 00 00 00 00 00 00 00 00 00 00 00 00 00 00 00 
[ 8680.1865] 0x1BA0: 00 00 00 00 00 00 00 00 00 00 00 00 00 00 00 00 
[ 8680.1865] 0x1BB0: 00 00 00 00 00 00 00 00 00 00 00 00 00 00 00 00 
[ 8680.1865] 0x1BC0: 00 00 00 00 00 00 00 00 00 00 00 00 00 00 00 00 
[ 8680.1865] 0x1BD0: 00 00 00 00 00 00 00 00 00 00 00 00 00 00 00 00 
[ 8680.1865] 0x1BE0: 00 00 00 00 00 00 00 00 00 00 00 00 00 00 00 00 
[ 8680.1865] 0x1BF0: 00 00 00 00 00 00 00 00 00 00 00 00 00 00 00 00 
[ 8680.1865] 0x1C00: 00 00 00 00 00 00 00 00 00 00 00 00 00 00 00 00 
[ 8680.1865] 0x1C10: 00 00 00 00 00 00 00 00 00 00 00 00 00 00 00 00 
[ 8680.1865] 0x1C20: 00 00 00 00 00 00 00 00 00 00 00 00 00 00 00 00 
[ 8680.1865] 0x1C30: 00 00 00 00 00 00 00 00 00 00 00 00 00 00 00 00 
[ 8680.1865] 0x1C40: 00 00 00 00 00 00 00 00 00 00 00 00 00 00 00 00 
[ 8680.1865] 0x1C50: 00 00 00 00 00 00 00 00 00 00 00 00 00 00 00 00 
[ 8680.1865] 0x1C60: 00 00 00 00 00 00 00 00 00 00 00 00 00 00 00 00 
[ 8680.1865] 0x1C70: 00 00 00 00 00 00 00 00 00 00 00 00 00 00 00 00 
[ 8680.1865] 0x1C80: 00 00 00 00 00 00 00 00 00 00 00 00 00 00 00 00 
[ 8680.1865] 0x1C90: 00 00 00 00 00 00 00 00 00 00 00 00 00 00 00 00 
[ 8680.1865] 0x1CA0: 00 00 00 00 00 00 00 00 00 00 00 00 00 00 00 00 
[ 8680.1865] 0x1CB0: 00 00 00 00 00 00 00 00 00 00 00 00 00 00 00 00 
[ 8680.1865] 0x1CC0: 00 00 00 00 00 00 00 00 00 00 00 00 00 00 00 00 
[ 8680.1865] 0x1CD0: 00 00 00 00 00 00 00 00 00 00 00 00 00 00 00 00 
[ 8680.1865] 0x1CE0: 00 00 00 00 00 00 00 00 00 00 00 00 00 00 00 00 
[ 8680.1865] 0x1CF0: 00 00 00 00 00 00 00 00 00 00 00 00 00 00 00 00 
[ 8680.1865] 0x1D00: 00 00 00 00 00 00 00 00 00 00 00 00 00 00 00 00 
[ 8680.1865] 0x1D10: 00 00 00 00 00 00 00 00 00 00 00 00 00 00 00 00 
[ 8680.1865] 0x1D20: 00 00 00 00 00 00 00 00 00 00 00 00 00 00 00 00 
[ 8680.1865] 0x1D30: 00 00 00 00 00 00 00 00 00 00 00 00 00 00 00 00 
[ 8680.1865] 0x1D40: 00 00 00 00 00 00 00 00 00 00 00 00 00 00 00 00 
[ 8680.1865] 0x1D50: 00 00 00 00 00 00 00 00 00 00 00 00 00 00 00 00 
[ 8680.1865] 0x1D60: 00 00 00 00 00 00 00 00 00 00 00 00 00 00 00 00 
[ 8680.1865] 0x1D70: 00 00 00 00 00 00 00 00 00 00 00 00 00 00 00 00 
[ 8680.1865] 0x1D80: 00 00 00 00 00 00 00 00 00 00 00 00 00 00 00 00 
[ 8680.1865] 0x1D90: 00 00 00 00 00 00 00 00 00 00 00 00 00 00 00 00 
[ 8680.1875] 0x1DA0: 00 00 00 00 00 00 00 00 00 00 00 00 00 00 00 00 
[ 8680.1875] 0x1DB0: 00 00 00 00 00 00 00 00 00 00 00 00 00 00 00 00 
[ 8680.1875] 0x1DC0: 00 00 00 00 00 00 00 00 00 00 00 00 00 00 00 00 
[ 8680.1875] 0x1DD0: 00 00 00 00 00 00 00 00 00 00 00 00 00 00 00 00 
[ 8680.1875] 0x1DE0: 00 00 00 00 00 00 00 00 00 00 00 00 00 00 00 00 
[ 8680.1875] 0x1DF0: 00 00 00 00 00 00 00 00 00 00 00 00 00 00 00 00 
[ 8680.1875] 0x1E00: 00 00 00 00 00 00 00 00 00 00 00 00 00 00 00 00 
[ 8680.1875] 0x1E10: 00 00 00 00 00 00 00 00 00 00 00 00 00 00 00 00 
[ 8680.1875] 0x1E20: 00 00 00 00 00 00 00 00 00 00 00 00 00 00 00 00 
[ 8680.1875] 0x1E30: 00 00 00 00 00 00 00 00 00 00 00 00 00 00 00 00 
[ 8680.1875] 0x1E40: 00 00 00 00 00 00 00 00 00 00 00 00 00 00 00 00 
[ 8680.1875] 0x1E50: 00 00 00 00 00 00 00 00 00 00 00 00 00 00 00 00 
[ 8680.1875] 0x1E60: 00 00 00 00 00 00 00 00 00 00 00 00 00 00 00 00 
[ 8680.1875] 0x1E70: 00 00 00 00 00 00 00 00 00 00 00 00 00 00 00 00 
[ 8680.1875] 0x1E80: 00 00 00 00 00 00 00 00 00 00 00 00 00 00 00 00 
[ 8680.1875] 0x1E90: 00 00 00 00 00 00 00 00 00 00 00 00 00 00 00 00 
[ 8680.1875] 0x1EA0: 00 00 00 00 00 00 00 00 00 00 00 00 00 00 00 00 
[ 8680.1875] 0x1EB0: 00 00 00 00 00 00 00 00 00 00 00 00 00 00 00 00 
[ 8680.1875] 0x1EC0: 00 00 00 00 00 00 00 00 00 00 00 00 00 00 00 00 
[ 8680.1875] 0x1ED0: 00 00 00 00 00 00 00 00 00 00 00 00 00 00 00 00 
[ 8680.1875] 0x1EE0: 00 00 00 00 00 00 00 00 00 00 00 00 00 00 00 00 
[ 8680.2041] 0x1EF0: 00 00 00 00 00 00 00 00 00 00 00 00 00 00 00 00 
[ 8680.2041] 0x1F00: 00 00 00 00 00 00 00 00 00 00 00 00 00 00 00 00 
[ 8680.2051] 0x1F10: 00 00 00 00 00 00 00 00 00 00 00 00 00 00 00 00 
[ 8680.2051] 0x1F20: 00 00 00 00 00 00 00 00 00 00 00 00 00 00 00 00 
[ 8680.2051] 0x1F30: 00 00 00 00 00 00 00 00 00 00 00 00 00 00 00 00 
[ 8680.2051] 0x1F40: 00 00 00 00 00 00 00 00 00 00 00 00 00 00 00 00 
[ 8680.2051] 0x1F50: 00 00 00 00 00 00 00 00 00 00 00 00 00 00 00 00 
[ 8680.2051] 0x1F60: 00 00 00 00 00 00 00 00 00 00 00 00 00 00 00 00 
[ 8680.2051] 0x1F70: 00 00 00 00 00 00 00 00 00 00 00 00 00 00 00 00 
[ 8680.2051] 0x1F80: 00 00 00 00 00 00 00 00 00 00 00 00 00 00 00 00 
[ 8680.2051] 0x1F90: 00 00 00 00 00 00 00 00 00 00 00 00 00 00 00 00 
[ 8680.2051] 0x1FA0: 00 00 00 00 00 00 00 00 00 00 00 00 00 00 00 00 
[ 8680.2051] 0x1FB0: 00 00 00 00 00 00 00 00 00 00 00 00 00 00 00 00 
[ 8680.2051] 0x1FC0: 00 00 00 00 00 00 00 00 00 00 00 00 00 00 00 00 
[ 8680.2051] 0x1FD0: 00 00 00 00 00 00 00 00 00 00 00 00 00 00 00 00 
[ 8680.2051] 0x1FE0: 00 00 00 00 00 00 00 00 00 00 00 00 00 00 00 00 
[ 8680.2051] 0x1FF0: 00 00 00 00 00 00 00 00 00 00 00 00 00 00 00 00 
[ 8680.2051] 
[ 8680.2051] === END OF DUMP ===
[ 8680.2051] 
[ 8680.2051] 
[ 8680.2051] === CPU SCRATCHPAD DUMP (64 bytes) ===
[ 8680.2051] 
[ 8680.2051] 0x00: 00 00 00 00 00 00 00 00 00 00 00 00 00 00 00 00 
[ 8680.2051] 0x10: 00 00 00 00 00 00 00 00 00 00 00 00 00 00 00 00 
[ 8680.2061] 0x20: 00 00 00 00 00 00 00 00 00 00 00 00 00 00 00 00 
[ 8680.2061] 0x30: 00 00 00 00 00 00 00 00 00 00 00 00 00 00 00 00 
[ 8680.2061] 
[ 8680.2061] === END OF DUMPS ===

